1714858236682 0.9412456154823303 0
1714858238275 0.9941245317459106 1
1714858239549 0.9941245317459106 2
1714858240703 0.9941245317459106 3
1714858241783 0.9941245317459106 4
1714858242900 0.9941245317459106 5
1714858244130 0.9941245317459106 6
1714858245342 0.9941245317459106 7
1714858246501 0.9941245317459106 8
1714858249484 0.9941245317459106 9
1714858251024 0.9941245317459106 10
1714858252133 0.9941245317459106 11
1714858253297 0.9941245317459106 12
1714858256586 0.9941245317459106 13
1714858257688 0.9941245317459106 14
1714858258823 0.9941245317459106 15
1714858259977 0.9941245317459106 16
1714858261073 0.9941245317459106 17
1714858262216 0.9941245317459106 18
1714858263592 0.9941245317459106 19
1714858264726 0.9941245317459106 20
1714858265848 0.9941245317459106 21
1714858266915 0.9941245317459106 22
1714858268069 0.9941245317459106 23
1714858269222 0.9941245317459106 24
1714858270315 0.9941245317459106 25
1714858271458 0.9941245317459106 26
1714858272593 0.9941245317459106 27
1714858273960 0.9941245317459106 28
1714858275011 0.9941245317459106 29
1714858276264 0.9941245317459106 30
1714858277538 0.9941245317459106 31
1714858278769 0.9941245317459106 32
1714858279844 0.9941245317459106 33
1714858280924 0.9941245317459106 34
1714858281997 0.9941245317459106 35
1714858283055 0.9941245317459106 36
1714858284421 0.9941245317459106 37
1714858285644 0.9941245317459106 38
1714858286765 0.9941245317459106 39
1714858287878 0.9941245317459106 40
1714858289019 0.9941245317459106 41
1714858290266 0.9941245317459106 42
1714858291370 0.9941245317459106 43
1714858292665 0.9941245317459106 44
1714858293782 0.9941245317459106 45
1714858295053 0.9941245317459106 46
1714858296290 0.9941245317459106 47
1714858297531 0.9941245317459106 48
1714858298666 0.9941245317459106 49
1714858299795 0.9941245317459106 50
1714858300907 0.9941245317459106 51
1714858302224 0.9941245317459106 52
1714858303723 0.9941245317459106 53
1714858305019 0.9941245317459106 54
1714858306155 0.9941245317459106 55
1714858307258 0.9941245317459106 56
1714858308392 0.9941245317459106 57
1714858309539 0.9941245317459106 58
1714858310728 0.9941245317459106 59
1714858311936 0.9941245317459106 60
1714858313286 0.9941245317459106 61
1714858314424 0.9941245317459106 62
1714858315539 0.9941245317459106 63
1714858316654 0.9941245317459106 64
1714858317940 0.9941245317459106 65
1714858319024 0.9941245317459106 66
1714858320245 0.9941245317459106 67
1714858321398 0.9941245317459106 68
1714858322568 0.9941245317459106 69
1714858323683 0.9941245317459106 70
1714858324814 0.9941245317459106 71
1714858326034 0.9941245317459106 72
1714858327407 0.9941245317459106 73
1714858328751 0.9941245317459106 74
1714858329950 0.9941245317459106 75
1714858331056 0.9941245317459106 76
1714858332214 0.9941245317459106 77
1714858333520 0.9941245317459106 78
1714858334728 0.9941245317459106 79
1714858335795 0.9941245317459106 80
1714858336928 0.9941245317459106 81
1714858338104 0.9941245317459106 82
1714858339254 0.9941245317459106 83
1714858340390 0.9941245317459106 84
1714858341527 0.9941245317459106 85
1714858342668 0.9941245317459106 86
1714858343845 0.9941245317459106 87
1714858345087 0.9941245317459106 88
1714858346336 0.9941245317459106 89
1714858347511 0.9941245317459106 90
1714858348721 0.9941245317459106 91
1714858349909 0.9941245317459106 92
1714858351003 0.9941245317459106 93
1714858352109 0.9941245317459106 94
1714858353291 0.9941245317459106 95
1714858354441 0.9941245317459106 96
1714858355717 0.9941245317459106 97
1714858356844 0.9941245317459106 98
1714858357998 0.9941245317459106 99
1714858358692 0.9941245317459106 0
