1714858236600 0.12071647495031357 0
1714858238197 0.09092718362808228 1
1714858239515 0.08928941935300827 2
1714858240667 0.08902117609977722 3
1714858241748 0.0892532616853714 4
1714858242838 0.08845671266317368 5
1714858244073 0.0873112827539444 6
1714858245246 0.08908579498529434 7
1714858246467 0.08744004368782043 8
1714858247593 0.08718594908714294 9
1714858250993 0.08702055364847183 10
1714858252105 0.08746744692325592 11
1714858253262 0.08705522865056992 12
1714858256551 0.08709258586168289 13
1714858257655 0.0869257003068924 14
1714858258777 0.0869249477982521 15
1714858259948 0.08675172924995422 16
1714858261023 0.08700217306613922 17
1714858262145 0.08641133457422256 18
1714858263557 0.0861521065235138 19
1714858264678 0.08651553094387054 20
1714858265818 0.08641429990530014 21
1714858266883 0.08619709312915802 22
1714858267998 0.08593219518661499 23
1714858269191 0.08610235154628754 24
1714858270282 0.08588308840990067 25
1714858271424 0.08606594800949097 26
1714858272525 0.08559618890285492 27
1714858273927 0.08518655598163605 28
1714858274979 0.0855797827243805 29
1714858276233 0.08537257462739944 30
1714858277401 0.08504985272884369 31
1714858278735 0.0852598175406456 32
1714858279810 0.08681681752204895 33
1714858280885 0.08535703271627426 34
1714858281965 0.08519461005926132 35
1714858283023 0.08499788492918015 36
1714858284323 0.08536347001791 37
1714858285586 0.08441730588674545 38
1714858286734 0.08485329896211624 39
1714858287828 0.08462230116128922 40
1714858288937 0.08472225069999695 41
1714858290234 0.08447083085775375 42
1714858291336 0.08417388051748276 43
1714858292465 0.08439132571220398 44
1714858293751 0.08370557427406311 45
1714858294955 0.08411664515733719 46
1714858296228 0.08381094038486481 47
1714858297480 0.08415693044662476 48
1714858298634 0.08423082530498505 49
1714858299756 0.08330593258142471 50
1714858300876 0.08390678465366364 51
1714858302068 0.08320204168558121 52
1714858303684 0.08333402127027512 53
1714858304983 0.08324538171291351 54
1714858306122 0.0832662284374237 55
1714858307220 0.08351065963506699 56
1714858308324 0.08255140483379364 57
1714858309489 0.08270857483148575 58
1714858310687 0.08236900717020035 59
1714858311869 0.08248890936374664 60
1714858313253 0.08222395181655884 61
1714858314376 0.08202975243330002 62
1714858315505 0.08240113407373428 63
1714858316623 0.08223690092563629 64
1714858317908 0.08186870068311691 65
1714858318993 0.08121848106384277 66
1714858320146 0.08157022297382355 67
1714858321355 0.08141013234853745 68
1714858322515 0.08105981349945068 69
1714858323638 0.0811212956905365 70
1714858324762 0.08082054555416107 71
1714858325951 0.08099231868982315 72
1714858327357 0.08045297861099243 73
1714858328685 0.08035092800855637 74
1714858329915 0.07988598197698593 75
1714858331024 0.08001558482646942 76
1714858332158 0.08005522191524506 77
1714858333486 0.07926583290100098 78
1714858334696 0.07963179051876068 79
1714858335764 0.07913481444120407 80
1714858336869 0.07898075878620148 81
1714858338060 0.07860495895147324 82
1714858339194 0.0788131132721901 83
1714858340347 0.07817323505878448 84
1714858341462 0.07744710147380829 85
1714858342623 0.07729939371347427 86
1714858343813 0.07730472087860107 87
1714858345054 0.07696781307458878 88
1714858346304 0.07721683382987976 89
1714858347433 0.07603410631418228 90
1714858348631 0.07580096274614334 91
1714858349876 0.07582380622625351 92
1714858350971 0.07589320093393326 93
1714858352074 0.07492520660161972 94
1714858353225 0.07568611949682236 95
1714858354409 0.07458952069282532 96
1714858355684 0.07450079917907715 97
1714858356810 0.07438212633132935 98
1714858357933 0.07315929979085922 99
1714858358658 0.07355093210935593 0
