1714859340219 0.49074846506118774 0
1714859344542 0.5479246377944946 1
1714859348722 0.4142357110977173 2
1714859352553 0.32738789916038513 3
1714859356163 0.4079013168811798 4
1714859360211 0.5584263801574707 5
1714859361615 0.9131522178649902 6
1714859362730 0.9933322072029114 7
1714859366669 0.9933322072029114 8
1714859370323 0.9933322072029114 9
1714859374062 0.9933322072029114 10
1714859377771 0.9933322072029114 11
1714859381388 0.9933322072029114 12
1714859385073 0.9933322072029114 13
1714859388781 0.9933322072029114 14
1714859392590 0.9933322072029114 15
1714859396198 0.9933322072029114 16
1714859400103 0.9933322072029114 17
1714859404085 0.9933322072029114 18
1714859408248 0.9933322072029114 19
