1714859340094 0.4018631875514984 0
1714859344464 0.35828161239624023 1
1714859348636 0.311314195394516 2
1714859352458 0.2714926302433014 3
1714859356061 0.24062736332416534 4
1714859360084 0.21437948942184448 5
1714859361582 0.1891818344593048 6
1714859362701 0.1653803437948227 7
1714859366632 0.14314450323581696 8
1714859370285 0.1269293874502182 9
1714859374021 0.11873066425323486 10
1714859377714 0.11336692422628403 11
1714859381329 0.1096372902393341 12
1714859385022 0.10703929513692856 13
1714859388730 0.10528558492660522 14
1714859392505 0.1041993573307991 15
1714859396163 0.10345468670129776 16
1714859400052 0.102908194065094 17
1714859404028 0.10248036682605743 18
1714859408190 0.10209168493747711 19
