1714861413504 52303.0234375 0
1714861414978 52294.10546875 1
1714861416416 52286.625 2
1714861417984 52279.50390625 3
1714861419380 52272.55078125 4
1714861420827 52265.6953125 5
1714861422074 52258.89453125 6
1714861423312 52252.13671875 7
1714861424701 52245.4140625 8
1714861425925 52238.70703125 9
1714861427185 52232.02734375 10
1714861428465 52225.36328125 11
1714861429967 52218.75390625 12
1714861431241 52212.16015625 13
1714861432475 52205.62109375 14
1714861433930 52199.21875 15
1714861435283 52192.99609375 16
1714861436764 52186.87109375 17
1714861438167 52180.90625 18
1714861439561 52175.01171875 19
1714861440857 52169.1796875 20
1714861442042 52163.42578125 21
1714861443259 52157.703125 22
1714861444589 52152.01953125 23
