1714863953629 0.8519753217697144 0
1714863954878 0.9933322072029114 1
1714863956137 0.9933322072029114 2
1714863957448 0.9933322072029114 3
1714863958699 0.9933322072029114 4
1714863960173 0.9933322072029114 5
1714863961516 0.9933322072029114 6
1714863962841 0.9933322072029114 7
1714863964151 0.9933322072029114 8
1714863965643 0.9933322072029114 9
1714863966985 0.9933322072029114 10
1714863968173 0.9933322072029114 11
1714863969476 0.9933322072029114 12
1714863970837 0.9933322072029114 13
1714863972283 0.9933322072029114 14
1714863973595 0.9933322072029114 15
1714863974965 0.9933322072029114 16
1714863976467 0.9933322072029114 17
1714863977770 0.9933322072029114 18
1714863979314 0.9933322072029114 19
1714863981386 0.9933322072029114 20
1714863982741 0.9933322072029114 21
1714863984258 0.9933322072029114 22
1714863985614 0.9933322072029114 23
1714863986897 0.9933322072029114 24
1714863988151 0.9933322072029114 25
1714863989416 0.9933322072029114 26
1714863990882 0.9933322072029114 27
1714863992246 0.9933322072029114 28
1714863993854 0.9933322072029114 29
1714863995279 0.9933322072029114 30
1714863996792 0.9933322072029114 31
1714863998189 0.9933322072029114 32
1714863999702 0.9933322072029114 33
1714864001158 0.9933322072029114 34
1714864002370 0.9933322072029114 35
1714864003656 0.9933322072029114 36
1714864005100 0.9933322072029114 37
1714864006356 0.9933322072029114 38
1714864007594 0.9933322072029114 39
1714864008827 0.9933322072029114 40
1714864010191 0.9933322072029114 41
1714864011433 0.9933322072029114 42
1714864012887 0.9933322072029114 43
1714864013940 0.9933322072029114 44
1714864015128 0.9933322072029114 45
1714864016367 0.9933322072029114 46
1714864017572 0.9933322072029114 47
1714864018799 0.9933322072029114 48
1714864019974 0.9933322072029114 49
1714864021424 0.9933322072029114 50
1714864022719 0.9933322072029114 51
1714864023849 0.9933322072029114 52
1714864025004 0.9933322072029114 53
1714864026186 0.9933322072029114 54
1714864027529 0.9933322072029114 55
1714864028831 0.9933322072029114 56
1714864030111 0.9933322072029114 57
1714864031321 0.9933322072029114 58
1714864032548 0.9933322072029114 59
1714864033846 0.9933322072029114 60
1714864035243 0.9933322072029114 61
1714864036467 0.9933322072029114 62
1714864037690 0.9933322072029114 63
1714864038883 0.9933322072029114 64
1714864040025 0.9933322072029114 65
1714864041178 0.9933322072029114 66
1714864042463 0.9933322072029114 67
1714864043741 0.9933322072029114 68
1714864045085 0.9933322072029114 69
1714864046300 0.9933322072029114 70
1714864047479 0.9933322072029114 71
1714864048730 0.9933322072029114 72
1714864049970 0.9933322072029114 73
1714864051191 0.9933322072029114 74
1714864052402 0.9933322072029114 75
1714864053713 0.9933322072029114 76
1714864055181 0.9933322072029114 77
1714864056602 0.9933322072029114 78
1714864057859 0.9933322072029114 79
1714864059094 0.9933322072029114 80
1714864060287 0.9933322072029114 81
1714864061664 0.9933322072029114 82
1714864062864 0.9933322072029114 83
1714864064043 0.9933322072029114 84
1714864065249 0.9933322072029114 85
1714864066504 0.9933322072029114 86
1714864067799 0.9933322072029114 87
1714864069109 0.9933322072029114 88
1714864070228 0.9933322072029114 89
1714864071443 0.9933322072029114 90
1714864072575 0.9933322072029114 91
1714864073760 0.9933322072029114 92
1714864074986 0.9933322072029114 93
1714864076211 0.9933322072029114 94
1714864077483 0.9933322072029114 95
1714864078814 0.9933322072029114 96
1714864080053 0.9933322072029114 97
1714864081238 0.9933322072029114 98
1714864082432 0.9933322072029114 99
1714864083222 0.9933322072029114 0
