1714863953546 0.13878382742404938 0
1714863954827 0.09478893131017685 1
1714863956065 0.09079382568597794 2
1714863957387 0.09044598788022995 3
1714863958600 0.08990500867366791 4
1714863960087 0.08939144015312195 5
1714863961430 0.08850815147161484 6
1714863962790 0.08910790830850601 7
1714863964078 0.08910073339939117 8
1714863965571 0.08905116468667984 9
1714863966920 0.0879926010966301 10
1714863968118 0.08782470226287842 11
1714863969407 0.08785942941904068 12
1714863970767 0.08732893317937851 13
1714863972232 0.087990902364254 14
1714863973521 0.08778032660484314 15
1714863974900 0.08730435371398926 16
1714863976391 0.08751458674669266 17
1714863977724 0.08759334683418274 18
1714863979261 0.08729026466608047 19
1714863981340 0.08708608150482178 20
1714863982652 0.087147556245327 21
1714863984179 0.08681801706552505 22
1714863985531 0.08683133125305176 23
1714863986822 0.08695712685585022 24
1714863988083 0.08698531240224838 25
1714863989364 0.08743636310100555 26
1714863990779 0.08721725642681122 27
1714863992198 0.08693018555641174 28
1714863993773 0.08683428168296814 29
1714863995202 0.08750250190496445 30
1714863996724 0.08715803176164627 31
1714863998102 0.08707058429718018 32
1714863999618 0.08681424707174301 33
1714864001083 0.08648484200239182 34
1714864002290 0.08678564429283142 35
1714864003586 0.0867786854505539 36
1714864005017 0.08641517907381058 37
1714864006297 0.08697374165058136 38
1714864007534 0.08625353127717972 39
1714864008768 0.0863908901810646 40
1714864010149 0.08619663119316101 41
1714864011364 0.08633983880281448 42
1714864012858 0.08644991368055344 43
1714864013905 0.08654914796352386 44
1714864015038 0.08685074001550674 45
1714864016338 0.08655046671628952 46
1714864017488 0.08618360757827759 47
1714864018761 0.08601771295070648 48
1714864019899 0.08598339557647705 49
1714864021346 0.08621890842914581 50
1714864022688 0.08593908697366714 51
1714864023783 0.08583611249923706 52
1714864024936 0.08626861870288849 53
1714864026105 0.0858428031206131 54
1714864027465 0.08617915958166122 55
1714864028790 0.08597372472286224 56
1714864030079 0.08583792299032211 57
1714864031241 0.085879385471344 58
1714864032486 0.0860118642449379 59
1714864033766 0.08582428097724915 60
1714864035180 0.08583027124404907 61
1714864036403 0.08614309132099152 62
1714864037624 0.08587899059057236 63
1714864038852 0.08585745841264725 64
1714864039964 0.08592348545789719 65
1714864041089 0.08570058643817902 66
1714864042386 0.08567751199007034 67
1714864043670 0.08571285754442215 68
1714864044996 0.08559075742959976 69
1714864046226 0.0854501724243164 70
1714864047409 0.0854463130235672 71
1714864048660 0.08573946356773376 72
1714864049920 0.085560642182827 73
1714864051125 0.08531206846237183 74
1714864052333 0.08564106374979019 75
1714864053662 0.0854608416557312 76
1714864055134 0.0852242112159729 77
1714864056552 0.08558279275894165 78
1714864057783 0.08542133867740631 79
1714864059024 0.08554928004741669 80
1714864060231 0.08548365533351898 81
1714864061623 0.08544213324785233 82
1714864062803 0.0851622149348259 83
1714864063961 0.08528129011392593 84
1714864065182 0.08550158143043518 85
1714864066459 0.08513540029525757 86
1714864067724 0.08511120080947876 87
1714864069068 0.08501186966896057 88
1714864070155 0.08482149243354797 89
1714864071405 0.08534353971481323 90
1714864072516 0.08490397781133652 91
1714864073708 0.08503253757953644 92
1714864074931 0.08487509936094284 93
1714864076158 0.0848681852221489 94
1714864077406 0.08504863828420639 95
1714864078741 0.08484801650047302 96
1714864079989 0.08479152619838715 97
1714864081163 0.08492891490459442 98
1714864082357 0.0849774181842804 99
1714864083184 0.08445708453655243 0
