1714858915595 0.7504895925521851 0
1714858916954 0.9941245317459106 1
1714858918349 0.9941245317459106 2
1714858920308 0.9941245317459106 3
1714858921404 0.9941245317459106 4
1714858922729 0.9941245317459106 5
1714858924109 0.9941245317459106 6
1714858925449 0.9941245317459106 7
1714858927076 0.9941245317459106 8
1714858928730 0.9941245317459106 9
1714858930215 0.9941245317459106 10
1714858931519 0.9941245317459106 11
1714858932856 0.9941245317459106 12
1714858934074 0.9941245317459106 13
1714858935776 0.9941245317459106 14
1714858937323 0.9941245317459106 15
1714858938757 0.9941245317459106 16
1714858940409 0.9941245317459106 17
1714858941716 0.9941245317459106 18
1714858942875 0.9941245317459106 19
1714858946165 0.9941245317459106 20
1714858947731 0.9941245317459106 21
1714858949470 0.9941245317459106 22
1714858950846 0.9941245317459106 23
1714858952666 0.9941245317459106 24
1714858954242 0.9941245317459106 25
1714858956086 0.9941245317459106 26
1714858957473 0.9941245317459106 27
1714858959089 0.9941245317459106 28
1714858960600 0.9941245317459106 29
1714858962394 0.9941245317459106 30
1714858963921 0.9941245317459106 31
1714858965502 0.9941245317459106 32
1714858967071 0.9941245317459106 33
1714858968678 0.9941245317459106 34
1714858970653 0.9941245317459106 35
1714858972341 0.9941245317459106 36
1714858973523 0.9941245317459106 37
1714858974825 0.9941245317459106 38
1714858976205 0.9941245317459106 39
1714858977617 0.9941245317459106 40
1714858979464 0.9941245317459106 41
1714858981213 0.9941245317459106 42
1714858982713 0.9941245317459106 43
1714858984592 0.9941245317459106 44
1714858986196 0.9941245317459106 45
1714858987790 0.9941245317459106 46
1714858989072 0.9941245317459106 47
1714858991036 0.9941245317459106 48
1714858992660 0.9941245317459106 49
1714858994439 0.9941245317459106 50
1714858995815 0.9941245317459106 51
1714858997498 0.9941245317459106 52
1714858999312 0.9941245317459106 53
1714859000617 0.9941245317459106 54
1714859002079 0.9941245317459106 55
1714859003385 0.9941245317459106 56
1714859004544 0.9941245317459106 57
1714859006007 0.9941245317459106 58
1714859007550 0.9941245317459106 59
1714859008778 0.9941245317459106 60
1714859010729 0.9941245317459106 61
1714859012478 0.9941245317459106 62
1714859013716 0.9941245317459106 63
1714859015108 0.9941245317459106 64
1714859016701 0.9941245317459106 65
1714859018468 0.9941245317459106 66
1714859019727 0.9941245317459106 67
1714859021273 0.9941245317459106 68
1714859022970 0.9941245317459106 69
1714859024626 0.9941245317459106 70
1714859025936 0.9941245317459106 71
1714859027835 0.9941245317459106 72
1714859029265 0.9941245317459106 73
1714859030583 0.9941245317459106 74
1714859032294 0.9941245317459106 75
1714859033915 0.9941245317459106 76
1714859035557 0.9941245317459106 77
1714859037040 0.9941245317459106 78
1714859038468 0.9941245317459106 79
1714859039778 0.9941245317459106 80
1714859041545 0.9941245317459106 81
1714859043057 0.9941245317459106 82
1714859044377 0.9941245317459106 83
1714859045783 0.9941245317459106 84
1714859047433 0.9941245317459106 85
1714859048736 0.9941245317459106 86
1714859050353 0.9941245317459106 87
1714859051836 0.9941245317459106 88
1714859053033 0.9941245317459106 89
1714859054513 0.9941245317459106 90
1714859055817 0.9941245317459106 91
1714859057074 0.9941245317459106 92
1714859058592 0.9941245317459106 93
1714859060214 0.9941245317459106 94
1714859061592 0.9941245317459106 95
1714859063286 0.9941245317459106 96
1714859064783 0.9941245317459106 97
1714859066239 0.9941245317459106 98
1714859068432 0.9941245317459106 99
1714859069585 0.9941245317459106 0
