1714858915551 0.16799485683441162 0
1714858916922 0.09420087188482285 1
1714858918260 0.09111803025007248 2
1714858920273 0.08973296731710434 3
1714858921356 0.08827768266201019 4
1714858922685 0.08843045681715012 5
1714858924030 0.08762231469154358 6
1714858925396 0.08730171620845795 7
1714858926989 0.08697959035634995 8
1714858928624 0.08701840788125992 9
1714858930178 0.08683779835700989 10
1714858931485 0.08717186748981476 11
1714858932792 0.08673692494630814 12
1714858934012 0.08648227900266647 13
1714858935723 0.0864303782582283 14
1714858937229 0.08653337508440018 15
1714858938681 0.08638989925384521 16
1714858940371 0.08657580614089966 17
1714858941680 0.08657871931791306 18
1714858942839 0.08614097535610199 19
1714858946120 0.0863913968205452 20
1714858947651 0.08627798408269882 21
1714858949415 0.08717814087867737 22
1714858950773 0.0860072672367096 23
1714858952581 0.086186483502388 24
1714858954172 0.08617763966321945 25
1714858956001 0.08568362891674042 26
1714858957391 0.08579845726490021 27
1714858959022 0.085543692111969 28
1714858960522 0.08593158423900604 29
1714858962311 0.08570323884487152 30
1714858963877 0.08579801768064499 31
1714858965455 0.08552931249141693 32
1714858967015 0.08546744287014008 33
1714858968606 0.0854230523109436 34
1714858970578 0.08534974604845047 35
1714858972286 0.08569321036338806 36
1714858973486 0.08537862449884415 37
1714858974790 0.08526889979839325 38
1714858976165 0.08525949716567993 39
1714858977542 0.08554049581289291 40
1714858979365 0.08508548140525818 41
1714858981156 0.08530863374471664 42
1714858982637 0.08516635000705719 43
1714858984512 0.08529490232467651 44
1714858986118 0.08527425676584244 45
1714858987755 0.08487008512020111 46
1714858988981 0.08466274291276932 47
1714858990961 0.08501054346561432 48
1714858992583 0.08502426743507385 49
1714858994358 0.08521857857704163 50
1714858995733 0.08477165549993515 51
1714858997421 0.08493039011955261 52
1714858999254 0.08483506739139557 53
1714859000523 0.08471927046775818 54
1714859002046 0.08484822511672974 55
1714859003352 0.08469372987747192 56
1714859004472 0.08479228615760803 57
1714859005939 0.08467204868793488 58
1714859007517 0.08449465036392212 59
1714859008692 0.08447997272014618 60
1714859010645 0.08482741564512253 61
1714859012398 0.08442065864801407 62
1714859013679 0.08457689732313156 63
1714859015024 0.08436240255832672 64
1714859016596 0.08436033129692078 65
1714859018424 0.08399897813796997 66
1714859019651 0.08447753638029099 67
1714859021198 0.08415091037750244 68
1714859022881 0.0842299610376358 69
1714859024572 0.08413761854171753 70
1714859025882 0.08437139540910721 71
1714859027770 0.08380509167909622 72
1714859029189 0.08438941091299057 73
1714859030508 0.08418005704879761 74
1714859032215 0.0842103362083435 75
1714859033860 0.08372419327497482 76
1714859035481 0.08353645354509354 77
1714859036982 0.08367761224508286 78
1714859038433 0.08391492813825607 79
1714859039669 0.08380581438541412 80
1714859041474 0.08359614759683609 81
1714859042961 0.0836394727230072 82
1714859044345 0.08337835967540741 83
1714859045748 0.08358854055404663 84
1714859047342 0.08360820263624191 85
1714859048645 0.08374927937984467 86
1714859050289 0.08339700847864151 87
1714859051743 0.08323384076356888 88
1714859052994 0.08339628577232361 89
1714859054473 0.08308728039264679 90
1714859055774 0.08326779305934906 91
1714859056892 0.08302586525678635 92
1714859058558 0.08365804702043533 93
1714859060168 0.08338304609060287 94
1714859061538 0.08341486752033234 95
1714859063243 0.08307412266731262 96
1714859064647 0.08296293020248413 97
1714859066122 0.08289147168397903 98
1714859068285 0.08305839449167252 99
1714859069533 0.08245701342821121 0
