1714864088552 0.6151025295257568 0
1714864090751 0.9933322072029114 1
1714864092456 0.9933322072029114 2
1714864093654 0.9933322072029114 3
1714864095217 0.9933322072029114 4
1714864096638 0.9933322072029114 5
1714864097916 0.9933322072029114 6
1714864099650 0.9933322072029114 7
1714864100940 0.9933322072029114 8
1714864103329 0.9933322072029114 9
1714864105057 0.9933322072029114 10
1714864106407 0.9933322072029114 11
1714864108230 0.9933322072029114 12
1714864110071 0.9933322072029114 13
1714864111491 0.9933322072029114 14
1714864113251 0.9933322072029114 15
1714864114965 0.9933322072029114 16
1714864116390 0.9933322072029114 17
1714864118618 0.9933322072029114 18
1714864120470 0.9933322072029114 19
1714864121803 0.9933322072029114 20
1714864124918 0.9933322072029114 21
1714864126226 0.9933322072029114 22
1714864128151 0.9933322072029114 23
1714864129861 0.9933322072029114 24
1714864131287 0.9933322072029114 0
