1714864088498 0.18284070491790771 0
1714864090690 0.09961752593517303 1
1714864092391 0.09319677203893661 2
1714864093594 0.09155216813087463 3
1714864095167 0.09044422954320908 4
1714864096589 0.08975283801555634 5
1714864097853 0.08943358808755875 6
1714864099600 0.08943012356758118 7
1714864100881 0.08876670897006989 8
1714864103252 0.0885891541838646 9
1714864104983 0.08866290003061295 10
1714864106337 0.08813285082578659 11
1714864108165 0.08801819384098053 12
1714864109999 0.08778966963291168 13
1714864111446 0.0876251682639122 14
1714864113176 0.08768988400697708 15
1714864114907 0.08758174628019333 16
1714864116334 0.087340347468853 17
1714864118572 0.08702855557203293 18
1714864120415 0.08714798092842102 19
1714864121739 0.08730221539735794 20
1714864124858 0.0872039720416069 21
1714864126159 0.08687034994363785 22
1714864128079 0.08700959384441376 23
1714864129787 0.08713573962450027 24
1714864131233 0.08672203868627548 0
