1714865735740 0.6941156983375549 0
1714865738089 0.9933322072029114 1
1714865739782 0.9933322072029114 2
1714865741052 0.9933322072029114 3
1714865742793 0.9933322072029114 4
1714865744260 0.9933322072029114 5
1714865746172 0.9933322072029114 6
1714865747865 0.9933322072029114 7
1714865749572 0.9933322072029114 8
1714865750765 0.9933322072029114 9
1714865752295 0.9933322072029114 10
1714865754091 0.9933322072029114 11
1714865755490 0.9933322072029114 12
1714865757195 0.9933322072029114 13
1714865758584 0.9933322072029114 14
1714865760319 0.9933322072029114 15
1714865761509 0.9933322072029114 16
1714865763927 0.9933322072029114 17
1714865765619 0.9933322072029114 18
1714865766989 0.9933322072029114 19
1714865768575 0.9933322072029114 20
1714865770252 0.9933322072029114 21
1714865771953 0.9933322072029114 22
1714865773431 0.9933322072029114 23
1714865775710 0.9933322072029114 24
1714865776630 0.9933322072029114 0
