1714865735643 0.18626058101654053 0
1714865737996 0.09817106276750565 1
1714865739719 0.0923800840973854 2
1714865740982 0.09053671360015869 3
1714865742763 0.08978433161973953 4
1714865744172 0.08928029984235764 5
1714865746101 0.089059017598629 6
1714865747786 0.08909697085618973 7
1714865749485 0.08841662853956223 8
1714865750710 0.08840561658143997 9
1714865752234 0.08838524669408798 10
1714865753980 0.08797882497310638 11
1714865755435 0.08813992887735367 12
1714865757122 0.08794206380844116 13
1714865758497 0.08738940954208374 14
1714865760283 0.08758222311735153 15
1714865761420 0.08757338672876358 16
1714865763850 0.08785483986139297 17
1714865765554 0.08756158500909805 18
1714865766957 0.08761555701494217 19
1714865768471 0.08755382895469666 20
1714865770174 0.0877828598022461 21
1714865771879 0.08737488090991974 22
1714865773339 0.08697939664125443 23
1714865775629 0.08703778684139252 24
1714865776568 0.08704683929681778 0
