1714860022769 0.002167027909308672 0
1714860026644 0.055175863206386566 1
1714860030288 0.27771294116973877 2
1714860034032 0.5994332432746887 3
1714860037662 0.9684947729110718 4
1714860041333 0.9933322072029114 5
1714860044818 0.9933322072029114 6
1714860048446 0.9933322072029114 7
1714860052102 0.9933322072029114 8
1714860054300 0.9933322072029114 9
1714860055335 0.9933322072029114 10
1714860058962 0.9933322072029114 11
1714860062887 0.9933322072029114 12
1714860066595 0.9933322072029114 13
1714860070264 0.9933322072029114 14
1714860074004 0.9933322072029114 15
1714860077983 0.9933322072029114 16
1714860080134 0.9933322072029114 17
1714860081214 0.9933322072029114 18
1714860085244 0.9933322072029114 19
1714860087417 0.9933322072029114 20
1714860088541 0.9933322072029114 21
1714860092625 0.9933322072029114 22
1714860094415 0.9933322072029114 23
1714860095760 0.9933322072029114 24
1714860099634 0.9933322072029114 25
1714860103279 0.9933322072029114 26
1714860106941 0.9933322072029114 27
1714860110555 0.9933322072029114 28
1714860113776 0.9933322072029114 29
1714860115019 0.9933322072029114 30
1714860118461 0.9933322072029114 31
1714860120790 0.9933322072029114 32
1714860122766 0.9933322072029114 33
1714860126589 0.9933322072029114 34
1714860130360 0.9933322072029114 35
1714860134686 0.9933322072029114 36
1714860138054 0.9933322072029114 37
1714860139211 0.9933322072029114 38
1714860142744 0.9933322072029114 39
1714860146526 0.9933322072029114 40
1714860150089 0.9933322072029114 41
1714860151315 0.9933322072029114 42
1714860152358 0.9933322072029114 43
1714860156116 0.9933322072029114 44
1714860158696 0.9933322072029114 45
1714860159705 0.9933322072029114 46
1714860161192 0.9933322072029114 47
1714860162279 0.9933322072029114 48
1714860165805 0.9933322072029114 49
1714860167142 0.9933322072029114 50
1714860168507 0.9933322072029114 51
1714860172067 0.9933322072029114 52
1714860175684 0.9933322072029114 53
1714860179291 0.9933322072029114 54
1714860182957 0.9933322072029114 55
1714860186601 0.9933322072029114 56
1714860190247 0.9933322072029114 57
1714860192974 0.9933322072029114 58
1714860194053 0.9933322072029114 59
1714860197591 0.9933322072029114 60
1714860200624 0.9933322072029114 61
1714860201682 0.9933322072029114 62
1714860205654 0.9933322072029114 63
1714860208775 0.9933322072029114 64
1714860209831 0.9933322072029114 65
1714860211974 0.9933322072029114 66
1714860212984 0.9933322072029114 67
1714860214494 0.9933322072029114 68
1714860215589 0.9933322072029114 69
1714860218952 0.9933322072029114 70
1714860222516 0.9933322072029114 71
1714860226058 0.9933322072029114 72
1714860229743 0.9933322072029114 73
1714860233395 0.9933322072029114 74
1714860237097 0.9933322072029114 75
1714860240879 0.9933322072029114 76
1714860242833 0.9933322072029114 77
1714860244714 0.9933322072029114 78
1714860248800 0.9933322072029114 79
1714860252431 0.9933322072029114 80
1714860254109 0.9933322072029114 81
1714860256676 0.9933322072029114 82
1714860260634 0.9933322072029114 83
1714860264410 0.9933322072029114 84
1714860268534 0.9933322072029114 85
1714860272702 0.9933322072029114 86
1714860276555 0.9933322072029114 87
1714860280940 0.9933322072029114 88
1714860285468 0.9933322072029114 89
1714860289585 0.9933322072029114 90
1714860292728 0.9933322072029114 91
1714860293786 0.9933322072029114 92
1714860297221 0.9933322072029114 93
1714860300848 0.9933322072029114 94
1714860304945 0.9933322072029114 95
1714860309311 0.9933322072029114 96
1714860311566 0.9933322072029114 97
1714860314663 0.9933322072029114 98
1714860316664 0.9933322072029114 99
1714860341257 0.9933322072029114 0
