1714860022694 0.3944016396999359 0
1714860026598 0.36160221695899963 1
1714860030258 0.32634150981903076 2
1714860033993 0.28514352440834045 3
1714860037597 0.23576484620571136 4
1714860041295 0.1789724975824356 5
1714860044750 0.1442388892173767 6
1714860048397 0.1284407079219818 7
1714860052003 0.11847658455371857 8
1714860054240 0.1120220348238945 9
1714860055305 0.10806140303611755 10
1714860058840 0.10572468489408493 11
1714860062815 0.10419608652591705 12
1714860066560 0.10305362194776535 13
1714860070175 0.10214356333017349 14
1714860073895 0.10141963511705399 15
1714860077934 0.10084378719329834 16
1714860080101 0.10037364065647125 17
1714860081183 0.09995801001787186 18
1714860085168 0.09958259016275406 19
1714860087344 0.09925175458192825 20
1714860088507 0.09893107414245605 21
1714860092551 0.09862621873617172 22
1714860094383 0.0983436331152916 23
1714860095718 0.09805484116077423 24
1714860099589 0.09778047353029251 25
1714860103201 0.09748736023902893 26
1714860106906 0.09720397740602493 27
1714860110505 0.09692957997322083 28
1714860113702 0.09664992988109589 29
1714860114972 0.09634646028280258 30
1714860118428 0.0960710197687149 31
1714860120700 0.0957963764667511 32
1714860122728 0.09552860260009766 33
1714860126549 0.09525925666093826 34
1714860130227 0.09494026750326157 35
1714860134608 0.09470126032829285 36
1714860138010 0.09442518651485443 37
1714860139158 0.09419340640306473 38
1714860142690 0.09400822222232819 39
1714860146474 0.09375069290399551 40
1714860150057 0.09356845915317535 41
1714860151284 0.0933859646320343 42
1714860152323 0.093238964676857 43
1714860156054 0.09302232414484024 44
1714860158645 0.09288941323757172 45
1714860159673 0.09269670397043228 46
1714860161161 0.09254587441682816 47
1714860162249 0.09242644906044006 48
1714860165734 0.09227760136127472 49
1714860167064 0.092170350253582 50
1714860168473 0.09204216301441193 51
1714860172033 0.09192221611738205 52
1714860175620 0.09181790053844452 53
1714860179258 0.09176509082317352 54
1714860182921 0.09159573167562485 55
1714860186568 0.0914551243185997 56
1714860190214 0.09139615297317505 57
1714860192900 0.09129653126001358 58
1714860194017 0.09121106564998627 59
1714860197545 0.0911329984664917 60
1714860200552 0.09102458506822586 61
1714860201651 0.09090757369995117 62
1714860205603 0.09084583818912506 63
1714860208723 0.09078583866357803 64
1714860209799 0.09070062637329102 65
1714860211941 0.09062491357326508 66
1714860212952 0.09054847061634064 67
1714860214462 0.09045297652482986 68
1714860215557 0.09039412438869476 69
1714860218909 0.09034834057092667 70
1714860222483 0.09026561677455902 71
1714860226010 0.09018094837665558 72
1714860229679 0.09011735022068024 73
1714860233313 0.09001722931861877 74
1714860237014 0.08998651057481766 75
1714860240821 0.0899261087179184 76
1714860242727 0.08987556397914886 77
1714860244607 0.0897861123085022 78
1714860248725 0.0897531732916832 79
1714860252376 0.0897088423371315 80
1714860254057 0.08963564038276672 81
1714860256445 0.089606374502182 82
1714860260467 0.08961129188537598 83
1714860264290 0.08948993682861328 84
1714860268307 0.08945810794830322 85
1714860272527 0.08941825479269028 86
1714860276376 0.08940804749727249 87
1714860280768 0.0893552377820015 88
1714860285125 0.0892922580242157 89
1714860289540 0.08927534520626068 90
1714860292601 0.08921113610267639 91
1714860293753 0.08916687220335007 92
1714860297175 0.08913762867450714 93
1714860300751 0.08910010010004044 94
1714860304877 0.08907931298017502 95
1714860309121 0.0890582874417305 96
1714860311339 0.08902879059314728 97
1714860314511 0.08902343362569809 98
1714860316561 0.0889659896492958 99
1714860341212 0.08888843655586243 0
