1714864137612 0.23253875970840454 0
1714864141116 0.2260376662015915 1
1714864145225 0.16719453036785126 2
1714864149130 0.1545257568359375 3
1714864151887 0.15435905754566193 4
1714864153451 0.16236039996147156 5
1714864157095 0.19203200936317444 6
1714864159420 0.31705284118652344 7
1714864161171 0.6784464120864868 8
1714864165036 0.9921653866767883 9
1714864168834 0.9933322072029114 10
1714864171623 0.9933322072029114 11
1714864172925 0.9933322072029114 12
1714864176695 0.9933322072029114 13
1714864180387 0.9933322072029114 14
1714864183730 0.9933322072029114 15
1714864185020 0.9933322072029114 16
1714864188404 0.9933322072029114 17
1714864189598 0.9933322072029114 18
1714864193246 0.9933322072029114 19
1714864196829 0.9933322072029114 20
1714864199224 0.9933322072029114 21
1714864200433 0.9933322072029114 22
1714864203697 0.9933322072029114 23
1714864205114 0.9933322072029114 24
1714864206403 0.9933322072029114 0
