1714864137554 0.44825631380081177 0
1714864141034 0.41219475865364075 1
1714864145164 0.37924885749816895 2
1714864149054 0.34338876605033875 3
1714864151814 0.30337414145469666 4
1714864153378 0.2668687701225281 5
1714864157016 0.24075451493263245 6
1714864159349 0.21848410367965698 7
1714864161091 0.1958111673593521 8
1714864164957 0.170022651553154 9
1714864168760 0.1440964788198471 10
1714864171551 0.12902146577835083 11
1714864172853 0.12018036097288132 12
1714864176615 0.11475376784801483 13
1714864180304 0.11133880168199539 14
1714864183654 0.10896382480859756 15
1714864184963 0.10723327100276947 16
1714864188348 0.10590101033449173 17
1714864189533 0.10481089353561401 18
1714864193164 0.10387033969163895 19
1714864196748 0.10309202969074249 20
1714864199158 0.10233639925718307 21
1714864200367 0.10168545693159103 22
1714864203645 0.10109829157590866 23
1714864205032 0.10056772083044052 24
1714864206362 0.1002935990691185 0
