1714865591727 0.8718119859695435 0
1714865593327 0.9933322072029114 1
1714865594769 0.9933322072029114 2
1714865595997 0.9933322072029114 3
1714865597171 0.9933322072029114 4
1714865598249 0.9933322072029114 5
1714865599416 0.9933322072029114 6
1714865601210 0.9933322072029114 7
1714865602304 0.9933322072029114 8
1714865603417 0.9933322072029114 9
1714865604560 0.9933322072029114 10
1714865605804 0.9933322072029114 11
1714865607274 0.9933322072029114 12
1714865608581 0.9933322072029114 13
1714865610034 0.9933322072029114 14
1714865611342 0.9933322072029114 15
1714865612601 0.9933322072029114 16
1714865613940 0.9933322072029114 17
1714865615098 0.9933322072029114 18
1714865616279 0.9933322072029114 19
1714865617399 0.9933322072029114 20
1714865618799 0.9933322072029114 21
1714865620410 0.9933322072029114 22
1714865621569 0.9933322072029114 23
1714865622643 0.9933322072029114 24
1714865623791 0.9933322072029114 25
1714865624918 0.9933322072029114 26
1714865626074 0.9933322072029114 27
1714865627187 0.9933322072029114 28
1714865628380 0.9933322072029114 29
1714865629577 0.9933322072029114 30
1714865630692 0.9933322072029114 31
1714865631804 0.9933322072029114 32
1714865632927 0.9933322072029114 33
1714865634029 0.9933322072029114 34
1714865635223 0.9933322072029114 35
1714865637290 0.9933322072029114 36
1714865638716 0.9933322072029114 37
1714865640070 0.9933322072029114 38
1714865641687 0.9933322072029114 39
1714865642972 0.9933322072029114 40
1714865644270 0.9933322072029114 41
1714865645829 0.9933322072029114 42
1714865647382 0.9933322072029114 43
1714865648679 0.9933322072029114 44
1714865650014 0.9933322072029114 45
1714865651307 0.9933322072029114 46
1714865652608 0.9933322072029114 47
1714865654028 0.9933322072029114 48
1714865655350 0.9933322072029114 49
1714865657006 0.9933322072029114 50
1714865658280 0.9933322072029114 51
1714865659860 0.9933322072029114 52
1714865661601 0.9933322072029114 53
1714865662960 0.9933322072029114 54
1714865664405 0.9933322072029114 55
1714865665744 0.9933322072029114 56
1714865667306 0.9933322072029114 57
1714865668786 0.9933322072029114 58
1714865670435 0.9933322072029114 59
1714865672009 0.9933322072029114 60
1714865673674 0.9933322072029114 61
1714865675108 0.9933322072029114 62
1714865676677 0.9933322072029114 63
1714865678095 0.9933322072029114 64
1714865679929 0.9933322072029114 65
1714865681582 0.9933322072029114 66
1714865683239 0.9933322072029114 67
1714865684531 0.9933322072029114 68
1714865685673 0.9933322072029114 69
1714865686955 0.9933322072029114 70
1714865688245 0.9933322072029114 71
1714865689689 0.9933322072029114 72
1714865691021 0.9933322072029114 73
1714865692183 0.9933322072029114 74
1714865693455 0.9933322072029114 75
1714865694986 0.9933322072029114 76
1714865696417 0.9933322072029114 77
1714865697790 0.9933322072029114 78
1714865699452 0.9933322072029114 79
1714865700888 0.9933322072029114 80
1714865702449 0.9933322072029114 81
1714865703849 0.9933322072029114 82
1714865705476 0.9933322072029114 83
1714865707044 0.9933322072029114 84
1714865708397 0.9933322072029114 85
1714865709707 0.9933322072029114 86
1714865711307 0.9933322072029114 87
1714865712646 0.9933322072029114 88
1714865714193 0.9933322072029114 89
1714865715661 0.9933322072029114 90
1714865717258 0.9933322072029114 91
1714865718571 0.9933322072029114 92
1714865719854 0.9933322072029114 93
1714865721181 0.9933322072029114 94
1714865722586 0.9933322072029114 95
1714865723992 0.9933322072029114 96
1714865725254 0.9933322072029114 97
1714865726551 0.9933322072029114 98
1714865727980 0.9933322072029114 99
1714865728935 0.9933322072029114 0
