1714865591640 0.141307070851326 0
1714865593265 0.09348038583993912 1
1714865594698 0.09147452563047409 2
1714865595907 0.09025485068559647 3
1714865597122 0.09001617133617401 4
1714865598193 0.08933629840612411 5
1714865599366 0.08963081240653992 6
1714865601158 0.08893229067325592 7
1714865602255 0.0880834236741066 8
1714865603365 0.08815868943929672 9
1714865604509 0.08821722120046616 10
1714865605741 0.08809178322553635 11
1714865607196 0.08825728297233582 12
1714865608522 0.08781781792640686 13
1714865609973 0.0873192548751831 14
1714865611274 0.0877840593457222 15
1714865612531 0.08774872124195099 16
1714865613888 0.08784054219722748 17
1714865615039 0.08728665113449097 18
1714865616223 0.0873725488781929 19
1714865617327 0.08717335760593414 20
1714865618719 0.08694087713956833 21
1714865620325 0.08728465437889099 22
1714865621520 0.08685549348592758 23
1714865622578 0.08676043152809143 24
1714865623729 0.08706407994031906 25
1714865624853 0.08708512037992477 26
1714865625997 0.08732204139232635 27
1714865627122 0.08670488744974136 28
1714865628346 0.08642486482858658 29
1714865629512 0.08665389567613602 30
1714865630634 0.0866193100810051 31
1714865631742 0.08665809780359268 32
1714865632864 0.08656111359596252 33
1714865633960 0.08664827793836594 34
1714865635132 0.0868983045220375 35
1714865637217 0.08631578087806702 36
1714865638654 0.08611518144607544 37
1714865640022 0.08628036081790924 38
1714865641642 0.08702694624662399 39
1714865642893 0.08635829389095306 40
1714865644202 0.08639178425073624 41
1714865645742 0.08653445541858673 42
1714865647320 0.08638013154268265 43
1714865648627 0.08623021841049194 44
1714865649931 0.08692378550767899 45
1714865651212 0.08642613887786865 46
1714865652542 0.08637473732233047 47
1714865653982 0.08608812838792801 48
1714865655274 0.08585165441036224 49
1714865656949 0.08601953834295273 50
1714865658210 0.08593270927667618 51
1714865659779 0.0863727405667305 52
1714865661526 0.08588586747646332 53
1714865662890 0.08585086464881897 54
1714865664316 0.08568787574768066 55
1714865665668 0.08593746274709702 56
1714865667241 0.08601478487253189 57
1714865668685 0.08560404926538467 58
1714865670372 0.08574210107326508 59
1714865671931 0.08616581559181213 60
1714865673583 0.08573228865861893 61
1714865675032 0.08582296222448349 62
1714865676608 0.0858413502573967 63
1714865678005 0.08564548939466476 64
1714865679854 0.08560427278280258 65
1714865681515 0.0858374834060669 66
1714865683174 0.08567235618829727 67
1714865684483 0.08550632745027542 68
1714865685617 0.0855327844619751 69
1714865686901 0.08560369163751602 70
1714865688186 0.08566804975271225 71
1714865689620 0.08563482761383057 72
1714865690957 0.0857071653008461 73
1714865692129 0.08527868241071701 74
1714865693367 0.08528601378202438 75
1714865694906 0.0854170173406601 76
1714865696339 0.0852612778544426 77
1714865697721 0.08509890735149384 78
1714865699365 0.08556931465864182 79
1714865700817 0.08529257029294968 80
1714865702371 0.08502477407455444 81
1714865703773 0.08528339117765427 82
1714865705377 0.08526796847581863 83
1714865706955 0.08513400703668594 84
1714865708322 0.08508854359388351 85
1714865709647 0.08533763885498047 86
1714865711219 0.08508531004190445 87
1714865712595 0.08529018610715866 88
1714865714120 0.08475234359502792 89
1714865715582 0.08483265340328217 90
1714865717138 0.08481497317552567 91
1714865718507 0.0851132869720459 92
1714865719779 0.08487233519554138 93
1714865721119 0.08463703840970993 94
1714865722519 0.08466407656669617 95
1714865723919 0.08478698134422302 96
1714865725197 0.08449805527925491 97
1714865726481 0.08485723286867142 98
1714865727912 0.08486294001340866 99
1714865728868 0.08444411307573318 0
