1714859118378 0.7630239129066467 0
1714859120461 0.9941245317459106 1
1714859122463 0.9941245317459106 2
1714859124277 0.9941245317459106 3
1714859126201 0.9941245317459106 4
1714859127525 0.9941245317459106 5
1714859129060 0.9941245317459106 6
1714859130349 0.9941245317459106 7
1714859131815 0.9941245317459106 8
1714859133407 0.9941245317459106 9
1714859134734 0.9941245317459106 10
1714859136677 0.9941245317459106 11
1714859138016 0.9941245317459106 12
1714859139452 0.9941245317459106 13
1714859141576 0.9941245317459106 14
1714859143582 0.9941245317459106 15
1714859145337 0.9941245317459106 16
1714859147370 0.9941245317459106 17
1714859148974 0.9941245317459106 18
1714859151024 0.9941245317459106 19
