1714859118280 0.16883574426174164 0
1714859120356 0.09585310518741608 1
1714859122393 0.09088638424873352 2
1714859124168 0.09013398736715317 3
1714859126069 0.08962734788656235 4
1714859127489 0.0885452851653099 5
1714859128945 0.08833373337984085 6
1714859130312 0.0878247544169426 7
1714859131780 0.08772048354148865 8
1714859133314 0.08725178241729736 9
1714859134647 0.08721979707479477 10
1714859136632 0.08720826357603073 11
1714859137950 0.08694684505462646 12
1714859139372 0.0871659368276596 13
1714859141480 0.08712325990200043 14
1714859143521 0.087045818567276 15
1714859145244 0.08680459856987 16
1714859147298 0.08656545728445053 17
1714859148879 0.08644808828830719 18
1714859150932 0.08627864718437195 19
