1714859832248 0.6209368109703064 0
1714859835206 0.9933322072029114 1
1714859836478 0.9933322072029114 2
1714859838262 0.9933322072029114 3
1714859839282 0.9933322072029114 4
1714859840864 0.9933322072029114 5
1714859841901 0.9933322072029114 6
1714859843463 0.9933322072029114 7
1714859844475 0.9933322072029114 8
1714859845866 0.9933322072029114 9
1714859846893 0.9933322072029114 10
1714859848454 0.9933322072029114 11
1714859849442 0.9933322072029114 12
1714859850763 0.9933322072029114 13
1714859851805 0.9933322072029114 14
1714859853637 0.9933322072029114 15
1714859854766 0.9933322072029114 16
1714859856649 0.9933322072029114 17
1714859857818 0.9933322072029114 18
1714859859624 0.9933322072029114 19
1714859861585 0.9933322072029114 20
1714859863017 0.9933322072029114 21
1714859865118 0.9933322072029114 22
1714859866796 0.9933322072029114 23
1714859868115 0.9933322072029114 24
1714859870153 0.9933322072029114 25
1714859871890 0.9933322072029114 26
1714859873512 0.9933322072029114 27
1714859875333 0.9933322072029114 28
1714859876688 0.9933322072029114 29
1714859878835 0.9933322072029114 30
1714859880050 0.9933322072029114 31
1714859882930 0.9933322072029114 32
1714859884240 0.9933322072029114 33
1714859886887 0.9933322072029114 34
1714859888406 0.9933322072029114 35
1714859890283 0.9933322072029114 36
1714859892036 0.9933322072029114 37
1714859893363 0.9933322072029114 38
1714859895405 0.9933322072029114 39
1714859897132 0.9933322072029114 40
1714859898661 0.9933322072029114 41
1714859900736 0.9933322072029114 42
1714859902618 0.9933322072029114 43
1714859904315 0.9933322072029114 44
1714859905945 0.9933322072029114 45
1714859907684 0.9933322072029114 46
1714859908952 0.9933322072029114 47
1714859910986 0.9933322072029114 48
1714859912908 0.9933322072029114 49
1714859914287 0.9933322072029114 50
1714859916034 0.9933322072029114 51
1714859917827 0.9933322072029114 52
1714859919208 0.9933322072029114 53
1714859921993 0.9933322072029114 54
1714859923995 0.9933322072029114 55
1714859925671 0.9933322072029114 56
1714859927354 0.9933322072029114 57
1714859929534 0.9933322072029114 58
1714859931177 0.9933322072029114 59
1714859932837 0.9933322072029114 60
1714859934187 0.9933322072029114 61
1714859936135 0.9933322072029114 62
1714859937830 0.9933322072029114 63
1714859939436 0.9933322072029114 64
1714859941718 0.9933322072029114 65
1714859943452 0.9933322072029114 66
1714859944927 0.9933322072029114 67
1714859947193 0.9933322072029114 68
1714859949508 0.9933322072029114 69
1714859951335 0.9933322072029114 70
1714859952732 0.9933322072029114 71
1714859954436 0.9933322072029114 72
1714859956295 0.9933322072029114 73
1714859957887 0.9933322072029114 74
1714859959871 0.9933322072029114 75
1714859961654 0.9933322072029114 76
1714859963277 0.9933322072029114 77
1714859964950 0.9933322072029114 78
1714859966781 0.9933322072029114 79
1714859968422 0.9933322072029114 80
1714859970659 0.9933322072029114 81
1714859972075 0.9933322072029114 82
1714859974197 0.9933322072029114 83
1714859976221 0.9933322072029114 84
1714859977919 0.9933322072029114 85
1714859979671 0.9933322072029114 86
1714859980966 0.9933322072029114 87
1714859983951 0.9933322072029114 88
1714859985610 0.9933322072029114 89
1714859987528 0.9933322072029114 90
1714859989482 0.9933322072029114 91
1714859990860 0.9933322072029114 92
1714859993104 0.9933322072029114 93
1714859995170 0.9933322072029114 94
1714859997255 0.9933322072029114 95
1714859998733 0.9933322072029114 96
1714860000691 0.9933322072029114 97
1714860002393 0.9933322072029114 98
1714860003508 0.9933322072029114 99
1714860004676 0.9933322072029114 0
