1714859832194 0.18601587414741516 0
1714859835154 0.09956997632980347 1
1714859836391 0.09430693835020065 2
1714859838228 0.09158192574977875 3
1714859839250 0.0905061885714531 4
1714859840833 0.08952593058347702 5
1714859841865 0.08892561495304108 6
1714859843429 0.08911754190921783 7
1714859844440 0.08851752430200577 8
1714859845833 0.08839575946331024 9
1714859846859 0.08824297785758972 10
1714859848419 0.08811384439468384 11
1714859849410 0.08765986561775208 12
1714859850729 0.08753465861082077 13
1714859851768 0.08773587644100189 14
1714859853604 0.08756496757268906 15
1714859854699 0.08757517486810684 16
1714859856613 0.08736918121576309 17
1714859857734 0.08729421347379684 18
1714859859544 0.0869932770729065 19
1714859861504 0.08711440116167068 20
1714859862933 0.08705990016460419 21
1714859865054 0.08693645149469376 22
1714859866721 0.08696882426738739 23
1714859868076 0.08688145130872726 24
1714859870086 0.08691681176424026 25
1714859871792 0.0870208591222763 26
1714859873441 0.08683529496192932 27
1714859875258 0.08668677508831024 28
1714859876629 0.08664369583129883 29
1714859878799 0.08674250543117523 30
1714859879970 0.08692196011543274 31
1714859882885 0.08643453568220139 32
1714859884165 0.0864543616771698 33
1714859886841 0.08640918880701065 34
1714859888322 0.08650669455528259 35
1714859890181 0.08664170652627945 36
1714859891988 0.08638251572847366 37
1714859893279 0.08658074587583542 38
1714859895333 0.08617271482944489 39
1714859897062 0.08635911345481873 40
1714859898581 0.08650408685207367 41
1714859900677 0.08625169098377228 42
1714859902530 0.08623665571212769 43
1714859904205 0.08672787994146347 44
1714859905870 0.0863252580165863 45
1714859907629 0.08613544702529907 46
1714859908881 0.0862751305103302 47
1714859910899 0.08622293919324875 48
1714859912814 0.08604146540164948 49
1714859914204 0.08663930743932724 50
1714859915954 0.08608972281217575 51
1714859917730 0.08612865954637527 52
1714859919127 0.08613060414791107 53
1714859921942 0.08643793314695358 54
1714859923914 0.08602932840585709 55
1714859925600 0.08601554483175278 56
1714859927271 0.08621997386217117 57
1714859929468 0.08581268042325974 58
1714859931129 0.0861981138586998 59
1714859932750 0.08599181473255157 60
1714859934138 0.08599284291267395 61
1714859936092 0.08593230694532394 62
1714859937776 0.08588740229606628 63
1714859939255 0.08595681935548782 64
1714859941516 0.08604306727647781 65
1714859943395 0.08583837002515793 66
1714859944845 0.08601777255535126 67
1714859947116 0.08590400964021683 68
1714859949438 0.0856175497174263 69
1714859951248 0.08587805926799774 70
1714859952658 0.08567308634519577 71
1714859954372 0.08578449487686157 72
1714859956231 0.08570898324251175 73
1714859957801 0.08587729185819626 74
1714859959764 0.08562132716178894 75
1714859961570 0.0862821638584137 76
1714859963214 0.08586608618497849 77
1714859964885 0.08570025861263275 78
1714859966741 0.08571013808250427 79
1714859968369 0.08561133593320847 80
1714859970623 0.08544047921895981 81
1714859972001 0.08550407737493515 82
1714859974161 0.08562174439430237 83
1714859976179 0.08563144505023956 84
1714859977830 0.08539827167987823 85
1714859979599 0.08559489995241165 86
1714859980886 0.0854044035077095 87
1714859983852 0.0855279192328453 88
1714859985534 0.08549933135509491 89
1714859987464 0.08556988090276718 90
1714859989401 0.08569057285785675 91
1714859990789 0.08554217219352722 92
1714859993019 0.0853404775261879 93
1714859995084 0.08542010933160782 94
1714859997180 0.08542072772979736 95
1714859998645 0.08571912348270416 96
1714860000617 0.085257388651371 97
1714860002333 0.08522545546293259 98
1714860003475 0.08536325395107269 99
1714860004634 0.08512942492961884 0
