1714865784838 0.0013335555559024215 0
1714865787592 0.0011668611550703645 1
1714865791287 0.0008334722369909286 2
1714865793009 0.00033338888897560537 3
1714865794518 0.0005000833189114928 4
1714865797739 0.12218703329563141 5
1714865799092 0.6081013679504395 6
1714865802703 0.7846307754516602 7
1714865804573 0.8704783916473389 8
1714865805901 0.9769961833953857 9
1714865808797 0.9933322072029114 10
1714865810090 0.9933322072029114 11
1714865813801 0.9933322072029114 12
1714865815291 0.9933322072029114 13
1714865816819 0.9933322072029114 14
1714865820542 0.9933322072029114 15
1714865822621 0.9933322072029114 16
1714865824034 0.9933322072029114 17
1714865825704 0.9933322072029114 18
1714865826828 0.9933322072029114 19
1714865830599 0.9933322072029114 20
1714865833706 0.9933322072029114 21
1714865835000 0.9933322072029114 22
1714865838804 0.9933322072029114 23
1714865842471 0.9933322072029114 24
1714865843703 0.9933322072029114 0
