1714865784755 0.387112557888031 0
1714865787514 0.3486357033252716 1
1714865791202 0.307190477848053 2
1714865792952 0.2669437825679779 3
1714865794428 0.2350122034549713 4
1714865797667 0.2095470279455185 5
1714865799005 0.18852901458740234 6
1714865802633 0.16905713081359863 7
1714865804513 0.148674875497818 8
1714865805843 0.12755423784255981 9
1714865808739 0.1171858161687851 10
1714865810007 0.11372750252485275 11
1714865813692 0.11125330626964569 12
1714865815211 0.10910702496767044 13
1714865816727 0.10723526030778885 14
1714865820450 0.10554582625627518 15
1714865822555 0.104170061647892 16
1714865823932 0.1029663160443306 17
1714865825668 0.10203881561756134 18
1714865826757 0.10121699422597885 19
1714865830508 0.10057564079761505 20
1714865833654 0.100028857588768 21
1714865834922 0.09954681992530823 22
1714865838734 0.09909524768590927 23
1714865842402 0.09866887331008911 24
1714865843624 0.09844312071800232 0
