1714859699320 0.9661610126495361 0
1714859701181 0.9933322072029114 1
1714859702375 0.9933322072029114 2
1714859703495 0.9933322072029114 3
1714859704628 0.9933322072029114 4
1714859705837 0.9933322072029114 5
1714859707136 0.9933322072029114 6
1714859708289 0.9933322072029114 7
1714859709446 0.9933322072029114 8
1714859710549 0.9933322072029114 9
1714859711778 0.9933322072029114 10
1714859713056 0.9933322072029114 11
1714859714232 0.9933322072029114 12
1714859715546 0.9933322072029114 13
1714859716746 0.9933322072029114 14
1714859717919 0.9933322072029114 15
1714859719136 0.9933322072029114 16
1714859720438 0.9933322072029114 17
1714859721585 0.9933322072029114 18
1714859722957 0.9933322072029114 19
1714859724146 0.9933322072029114 20
1714859725250 0.9933322072029114 21
1714859726369 0.9933322072029114 22
1714859727491 0.9933322072029114 23
1714859728827 0.9933322072029114 24
1714859730076 0.9933322072029114 25
1714859731154 0.9933322072029114 26
1714859732264 0.9933322072029114 27
1714859733389 0.9933322072029114 28
1714859734560 0.9933322072029114 29
1714859735854 0.9933322072029114 30
1714859736981 0.9933322072029114 31
1714859738092 0.9933322072029114 32
1714859739237 0.9933322072029114 33
1714859740403 0.9933322072029114 34
1714859741488 0.9933322072029114 35
1714859742617 0.9933322072029114 36
1714859743740 0.9933322072029114 37
1714859744913 0.9933322072029114 38
1714859746025 0.9933322072029114 39
1714859747141 0.9933322072029114 40
1714859748302 0.9933322072029114 41
1714859749409 0.9933322072029114 42
1714859750587 0.9933322072029114 43
1714859751794 0.9933322072029114 44
1714859753006 0.9933322072029114 45
1714859754171 0.9933322072029114 46
1714859755448 0.9933322072029114 47
1714859756736 0.9933322072029114 48
1714859758291 0.9933322072029114 49
1714859759391 0.9933322072029114 50
1714859760604 0.9933322072029114 51
1714859762083 0.9933322072029114 52
1714859763619 0.9933322072029114 53
1714859764728 0.9933322072029114 54
1714859765888 0.9933322072029114 55
1714859767108 0.9933322072029114 56
1714859768330 0.9933322072029114 57
1714859769475 0.9933322072029114 58
1714859770630 0.9933322072029114 59
1714859771998 0.9933322072029114 60
1714859773323 0.9933322072029114 61
1714859774858 0.9933322072029114 62
1714859776347 0.9933322072029114 63
1714859777594 0.9933322072029114 64
1714859781018 0.9933322072029114 65
1714859782146 0.9933322072029114 66
1714859783516 0.9933322072029114 67
1714859785316 0.9933322072029114 68
1714859786568 0.9933322072029114 69
1714859787841 0.9933322072029114 70
1714859789231 0.9933322072029114 71
1714859790776 0.9933322072029114 72
1714859792122 0.9933322072029114 73
1714859794196 0.9933322072029114 74
1714859795712 0.9933322072029114 75
1714859797354 0.9933322072029114 76
1714859798536 0.9933322072029114 77
1714859799788 0.9933322072029114 78
1714859801033 0.9933322072029114 79
1714859802539 0.9933322072029114 80
1714859804013 0.9933322072029114 81
1714859805501 0.9933322072029114 82
1714859807112 0.9933322072029114 83
1714859808221 0.9933322072029114 84
1714859809270 0.9933322072029114 85
1714859810331 0.9933322072029114 86
1714859811380 0.9933322072029114 87
1714859812549 0.9933322072029114 88
1714859813621 0.9933322072029114 89
1714859814696 0.9933322072029114 90
1714859815971 0.9933322072029114 91
1714859816978 0.9933322072029114 92
1714859818025 0.9933322072029114 93
1714859819266 0.9933322072029114 94
1714859820520 0.9933322072029114 95
1714859821641 0.9933322072029114 96
1714859822837 0.9933322072029114 97
1714859824061 0.9933322072029114 98
1714859825646 0.9933322072029114 99
1714859826821 0.9933322072029114 0
