1714859699253 0.1344681829214096 0
1714859701126 0.09366593509912491 1
1714859702345 0.09199924767017365 2
1714859703463 0.09126029908657074 3
1714859704557 0.08964401483535767 4
1714859705768 0.09022167325019836 5
1714859707102 0.08920732885599136 6
1714859708260 0.0902392789721489 7
1714859709388 0.08901061117649078 8
1714859710517 0.0883815586566925 9
1714859711668 0.08815956860780716 10
1714859713025 0.08789397031068802 11
1714859714188 0.08783810585737228 12
1714859715420 0.08814290165901184 13
1714859716715 0.08752038329839706 14
1714859717841 0.08793347328901291 15
1714859719104 0.08782535046339035 16
1714859720405 0.08774388581514359 17
1714859721512 0.08790598809719086 18
1714859722925 0.08717373758554459 19
1714859724103 0.0874127745628357 20
1714859725220 0.08738777041435242 21
1714859726337 0.0874054878950119 22
1714859727458 0.08742047101259232 23
1714859728753 0.08682186901569366 24
1714859730044 0.08729740232229233 25
1714859731121 0.08700626343488693 26
1714859732233 0.08707185834646225 27
1714859733355 0.08716869354248047 28
1714859734529 0.08745496720075607 29
1714859735664 0.08680427819490433 30
1714859736950 0.08688093721866608 31
1714859738060 0.0869738981127739 32
1714859739191 0.08683854341506958 33
1714859740370 0.0867604985833168 34
1714859741456 0.08718349784612656 35
1714859742567 0.08637873828411102 36
1714859743708 0.08711954951286316 37
1714859744881 0.08656022697687149 38
1714859745992 0.08647958934307098 39
1714859747086 0.08631701022386551 40
1714859748225 0.0866837203502655 41
1714859749380 0.08657225221395493 42
1714859750517 0.08615691214799881 43
1714859751760 0.08618665486574173 44
1714859752950 0.08648086339235306 45
1714859754136 0.08632759749889374 46
1714859755413 0.08612242341041565 47
1714859756622 0.08596789091825485 48
1714859758259 0.08598113059997559 49
1714859759358 0.08608926087617874 50
1714859760501 0.08648307621479034 51
1714859762012 0.08611229807138443 52
1714859763577 0.08588362485170364 53
1714859764694 0.08627000451087952 54
1714859765813 0.08587168157100677 55
1714859767051 0.08613110333681107 56
1714859768268 0.0859299898147583 57
1714859769436 0.08576595783233643 58
1714859770561 0.08581053465604782 59
1714859771931 0.08617653697729111 60
1714859773278 0.08637209981679916 61
1714859774785 0.08599255234003067 62
1714859776303 0.08611854910850525 63
1714859777556 0.0859370008111 64
1714859780985 0.08606013655662537 65
1714859782113 0.08582210540771484 66
1714859783408 0.08568120002746582 67
1714859785220 0.08567120134830475 68
1714859786523 0.08605966717004776 69
1714859787796 0.08599121868610382 70
1714859789190 0.08556640148162842 71
1714859790727 0.08569521456956863 72
1714859792042 0.08572383970022202 73
1714859794116 0.08563574403524399 74
1714859795630 0.0853055790066719 75
1714859797302 0.08534595370292664 76
1714859798497 0.08539430052042007 77
1714859799746 0.08590791374444962 78
1714859800979 0.08525817841291428 79
1714859802450 0.08532418310642242 80
1714859803909 0.08522751927375793 81
1714859805301 0.08518142253160477 82
1714859807078 0.08540400862693787 83
1714859808188 0.08504361659288406 84
1714859809240 0.08516927808523178 85
1714859810297 0.08532756567001343 86
1714859811347 0.08568597584962845 87
1714859812384 0.08482584357261658 88
1714859813586 0.08501304686069489 89
1714859814636 0.08513618260622025 90
1714859815942 0.08495207130908966 91
1714859816945 0.08488750457763672 92
1714859817982 0.08496604114770889 93
1714859819056 0.08471996337175369 94
1714859820489 0.08488566428422928 95
1714859821602 0.08509047329425812 96
1714859822805 0.08493879437446594 97
1714859823942 0.08480816334486008 98
1714859825548 0.0846448764204979 99
1714859826785 0.08438713848590851 0
